14 999999999613794
0 95196452053539 95028256904479 47771302429576 95203073912524 47712470943046 95061357093469 95076975039909 47843025776137 47721549352764 95085307823395 47756281002564 47828453075770 95236469825398
95196452053539 0 95106888474391 95031784635910 47766554525908 47783934597562 47759318396685 95003491665957 95031205175702 47695072152356 95048865502677 95108539484145 47690914382435 47746317749547
95028256904479 95106888474391 0 95184320896402 95075416795427 47660497032426 95149597361258 47653376145150 47658756623138 47748707631004 95195292533745 47696050775259 95188415201414 95076590077862
47771302429576 95031784635910 95184320896402 0 95061840007713 95231567766319 95104391189007 47624807092469 95027749715426 47629449021496 47635729511657 95032596908365 47825972365493 95023646811645
95203073912524 47766554525908 95075416795427 95061840007713 0 95053431587334 47650016055135 47642167868762 47711983349043 47622874974433 47787007078349 47658487110515 47779656606246 47651961359487
47712470943046 47783934597562 47660497032426 95231567766319 95053431587334 0 47853207271905 47659003728245 47638279611464 95152387050894 47652036627532 95007073249196 95226214145076 95039508059447
95061357093469 47759318396685 95149597361258 95104391189007 47650016055135 47853207271905 0 47623350304240 95224756803575 95211999526958 47783780465204 47730757135918 95076910307085 95234839010072
95076975039909 95003491665957 47653376145150 47624807092469 47642167868762 47659003728245 47623350304240 0 95042515277191 95036862981280 95195130056201 95005775618879 47846344716547 95066096236997
47843025776137 95031205175702 47658756623138 95027749715426 47711983349043 47638279611464 95224756803575 95042515277191 0 47712759520500 47733972176457 47842671682057 47752634893978 95040834367696
47721549352764 47695072152356 47748707631004 47629449021496 47622874974433 95152387050894 95211999526958 95036862981280 47712759520500 0 95189245731845 47725362826130 95198525532571 47692555640770
95085307823395 95048865502677 95195292533745 47635729511657 47787007078349 47652036627532 47783780465204 95195130056201 47733972176457 95189245731845 0 95198359205176 95022882627748 95066939884585
47756281002564 95108539484145 47696050775259 95032596908365 47658487110515 95007073249196 47730757135918 95005775618879 47842671682057 47725362826130 95198359205176 0 95043251244216 95111784701061
47828453075770 47690914382435 95188415201414 47825972365493 47779656606246 95226214145076 95076910307085 47846344716547 47752634893978 95198525532571 95022882627748 95043251244216 0 47689703869405
95236469825398 47746317749547 95076590077862 95023646811645 47651961359487 95039508059447 95234839010072 95066096236997 95040834367696 47692555640770 95066939884585 95111784701061 47689703869405 0
