14 117944873295035
0 14099258814136 11767356054733 13497659296710 14081522912457 16289054921739 13067533606110 16388562938626 12523312284014 14992472368459 14535238255567 12893419508367 8424633805746 8424633805682
14099258814136 0 8424633805620 11291795205012 10302235565155 14837490914740 16366337612500 9185819867703 11400409372982 8424633805622 9952554021984 16672988222928 12182523871624 12393132791937
11767356054733 8424633805620 0 13311061930719 8424633805619 14674191877359 12474765192504 10291361804558 13155678586542 13828020875297 11961597216855 14284322798793 12745696535105 12127157384322
13497659296710 11291795205012 13311061930719 0 10181831872900 8424633806642 16089587477152 8424633806130 8960380336638 16325539089371 9861693687844 12411497644885 13469949741326 12225469560939
14081522912457 10302235565155 8424633805619 10181831872900 0 15849630859637 9203828847286 11582666750426 9812395893958 10379358063080 10861456670645 8424633813810 16110169985214 14331170525745
16289054921739 14837490914740 14674191877359 8424633806642 15849630859637 0 14232898462067 13136787338066 8424633807666 12973791538813 12566869624055 14532524282763 11670556102572 11696809046314
13067533606110 16366337612500 12474765192504 16089587477152 9203828847286 14232898462067 0 15674444834317 12062792833145 13167133665030 8424633805634 9573561238290 9616533380569 8424633805650
16388562938626 9185819867703 10291361804558 8424633806130 11582666750426 13136787338066 15674444834317 0 15609188579371 13084662341082 14128372322388 12482048745019 8424633805874 10519862496212
12523312284014 11400409372982 13155678586542 8960380336638 9812395893958 8424633807666 12062792833145 15609188579371 0 13658324343938 9459946887526 8424633809714 15107825478806 8971248283312
14992472368459 8424633805622 13828020875297 16325539089371 10379358063080 12973791538813 13167133665030 13084662341082 13658324343938 0 8424633805626 11168054076996 16227966250124 9161257791244
14535238255567 9952554021984 11961597216855 9861693687844 10861456670645 12566869624055 8424633805634 14128372322388 9459946887526 8424633805626 0 9068316719513 12758576554648 13076899779268
12893419508367 16672988222928 14284322798793 12411497644885 8424633813810 14532524282763 9573561238290 12482048745019 8424633809714 11168054076996 9068316719513 0 9695562829964 9187312261264
8424633805746 12182523871624 12745696535105 13469949741326 16110169985214 11670556102572 9616533380569 8424633805874 15107825478806 16227966250124 12758576554648 9695562829964 0 15326234064912
8424633805682 12393132791937 12127157384322 12225469560939 14331170525745 11696809046314 8424633805650 10519862496212 8971248283312 9161257791244 13076899779268 9187312261264 15326234064912 0
