14 59528165279453
0 6241347935345 7593242815496 4252011805017 8019984563133 4252011805529 6945320166004 5514380348783 5443672301188 8253723235470 6471616070409 5862310521831 6435587004155 7358361571863
6241347935345 0 6530313943493 4252011804761 7078688112743 8403161479765 7251129708171 4403435697004 6494528854486 6309762213498 4252011804633 6229396253915 5759191059054 4472832624052
7593242815496 6530313943493 0 6791401385838 7557068837200 6235483351668 4839585140412 4252011804507 7753363459999 4252011804509 8412053532761 7503453520144 6912016219522 4525093030942
4252011805017 4252011804761 6791401385838 0 5752381983008 5614915576516 6730143297056 5946693452399 6599611745937 6330223448088 4271930579237 4428189023202 6179423567575 6543601192497
8019984563133 7078688112743 7557068837200 5752381983008 0 6271574720517 4252011804521 5253544962074 7695778462212 8315358064276 5497789826738 6015089112637 5922365619698 4252011804537
4252011805529 8403161479765 6235483351668 5614915576516 6271574720517 0 6270237408566 5157076937858 5197744248747 4685757651980 7781223669247 4252011806553 4486507645625 7487717652050
6945320166004 7251129708171 4839585140412 6730143297056 4252011804521 6270237408566 0 7819466200213 7545907748888 4252011804513 7443055457045 8048998550464 4632608943065 7401500283691
5514380348783 4403435697004 4252011804507 5946693452399 5253544962074 5157076937858 7819466200213 0 4252011804506 6914651865197 5884301219189 4538590539818 6986491699043 5826135117937
5443672301188 6494528854486 7753363459999 6599611745937 7695778462212 5197744248747 7545907748888 4252011804506 0 5110567090561 5080652903402 6871745773351 4252011812697 4335339347016
8253723235470 6309762213498 4252011804509 6330223448088 8315358064276 4685757651980 4252011804513 6914651865197 5110567090561 0 6243237124021 4377215042332 5294102434593 6007447479410
6471616070409 4252011804633 8412053532761 4271930579237 5497789826738 7781223669247 7443055457045 5884301219189 5080652903402 6243237124021 0 4597714518219 7916669278624 4252011804569
5862310521831 6229396253915 7503453520144 4428189023202 6015089112637 4252011806553 8048998550464 4538590539818 6871745773351 4377215042332 4597714518219 0 4252011808601 8274075788008
6435587004155 5759191059054 6912016219522 6179423567575 5922365619698 4486507645625 4632608943065 6986491699043 4252011812697 5294102434593 7916669278624 4252011808601 0 6106650418445
7358361571863 4472832624052 4525093030942 6543601192497 4252011804537 7487717652050 7401500283691 5826135117937 4335339347016 6007447479410 4252011804569 8274075788008 6106650418445 0
