14 27785022390345
0 3222848583251 3343711183821 2319140477002 3627322981418 2344106464843 3293047637207 2486620804856 1984644455284 1984644463475 3683052372735 2846966348813 3381247776173 2694790376424
3222848583251 0 2604360468968 2354539148782 2358557541457 3890397536588 3417266603470 1984644455411 3484309574612 3902855243312 3856367382539 2957538358751 1984644455347 2583327093996
3343711183821 2604360468968 0 3005218551239 3840708647740 1984644455795 2408795957818 1984644455539 2546115142044 2455931629958 3622736442859 2213978934616 2229706450923 2786345395014
2319140477002 2354539148782 3005218551239 0 3359389628438 1984644456307 3353324408987 2898324155683 3346184126018 2815706722222 2431321078704 2096021270321 2375053479133 1984644457331
3627322981418 2358557541457 3840708647740 3359389628438 0 2635465909459 1984644455291 2622160051191 2093615753872 2874096923287 3623072080907 1984644455299 2901401389058 2258036364185
2344106464843 3890397536588 1984644455795 1984644456307 2635465909459 0 2594589087459 3784462591546 2204917251658 2192168187668 2747624033448 2965231737462 2227539365329 2421131604513
3293047637207 3417266603470 2408795957818 3353324408987 1984644455291 2594589087459 0 3903671917555 2456358519834 2949210729051 1984644455287 2221287649798 2518912812077 3225963899910
2486620804856 1984644455411 1984644455539 2898324155683 2622160051191 3784462591546 3903671917555 0 3962216774199 2788827237912 2201915841058 3598495272100 3824196796744 3881009482256
1984644455284 3484309574612 2546115142044 3346184126018 2093615753872 2204917251658 2456358519834 3962216774199 0 2950318434328 1984644455285 3154896540065 2306686019667 3740031462825
1984644463475 3902855243312 2455931629958 2815706722222 2874096923287 2192168187668 2949210729051 2788827237912 2950318434328 0 3629499407619 2670237010166 3877651465992 1984644459379
3683052372735 3856367382539 3622736442859 2431321078704 3623072080907 2747624033448 1984644455287 2201915841058 1984644455285 3629499407619 0 2584881523730 2411787506578 3034252430412
2846966348813 2957538358751 2213978934616 2096021270321 1984644455299 2965231737462 2221287649798 3598495272100 3154896540065 2670237010166 2584881523730 0 1984644455315 2430543392509
3381247776173 1984644455347 2229706450923 2375053479133 2901401389058 2227539365329 2518912812077 3824196796744 2306686019667 3877651465992 2411787506578 1984644455315 0 2190619264151
2694790376424 2583327093996 2786345395014 1984644457331 2258036364185 2421131604513 3225963899910 3881009482256 3740031462825 1984644459379 3034252430412 2430543392509 2190619264151 0
