14 138264794281365
0 12621338547873 16390849337441 10995627945123 18766514897669 9876056733341 13436311602362 12933947271553 9876056733469 16944109963531 17910809373056 18683009748613 11531244469449 18719151714432
12621338547873 0 18511698879076 9876056733217 9876056733221 10547657945851 10366900173256 15503486682453 13449513656824 13966328210413 16353442297758 16055196569574 11082721779298 16971936368823
16390849337441 18511698879076 0 11220447605528 10583850954830 14817116994144 19617255848269 9876056741405 18030411593495 15001232669993 10078906688629 9876056737309 11935684452581 15937980077694
10995627945123 9876056733217 11220447605528 0 16257996410806 10503082623351 14071074277203 12582403680926 15109574596182 18594166328348 16317885215098 15024525358162 10414384491448 9876056733215
18766514897669 9876056733221 10583850954830 16257996410806 0 19020848216002 12974381310035 14145881467422 12665577194301 9876056733229 11521869824265 15942736712567 14751013005504 13392141065604
9876056733341 10547657945851 14817116994144 10503082623351 19020848216002 0 9876056733277 15852061735465 14454916926086 15191625702682 18481578810551 18772494517299 12870057104692 18971209535175
13436311602362 10366900173256 19617255848269 14071074277203 12974381310035 9876056733277 0 13845964297610 16883646154511 9876056733245 17226465678361 12613112284135 16853583457230 19349258709394
12933947271553 15503486682453 9876056741405 12582403680926 14145881467422 15852061735465 13845964297610 0 16362458955578 18989789889648 14010617596474 13020663375299 11629079506539 9876056733214
9876056733469 13449513656824 18030411593495 15109574596182 12665577194301 14454916926086 16883646154511 16362458955578 0 11705133673962 9876056733725 15873125899180 17640578922277 14923986813308
16944109963531 13966328210413 15001232669993 18594166328348 9876056733229 15191625702682 9876056733245 18989789889648 11705133673962 0 18097825053754 12156756039285 11499466397273 16625341536601
17910809373056 16353442297758 10078906688629 16317885215098 11521869824265 18481578810551 17226465678361 14010617596474 9876056733725 18097825053754 0 17458566708467 9876056734237 11505310680553
18683009748613 16055196569574 9876056737309 15024525358162 15942736712567 18772494517299 12613112284135 13020663375299 15873125899180 12156756039285 17458566708467 0 9876056735261 14500310847706
11531244469449 11082721779298 11935684452581 10414384491448 14751013005504 12870057104692 16853583457230 11629079506539 17640578922277 11499466397273 9876056734237 9876056735261 0 12652572851032
18719151714432 16971936368823 15937980077694 9876056733215 13392141065604 18971209535175 19349258709394 9876056733214 14923986813308 16625341536601 11505310680553 14500310847706 12652572851032 0
