14 469778431
0 40932929 37317462 33554688 60333106 40424555 33554944 58133598 58477555 37134507 38922527 56332435 60813398 40779459
40932929 0 36286395 34828880 33554448 57625496 49304861 35856550 44413641 60243148 63695077 33554440 36104774 58621415
37317462 36286395 0 35916463 47203860 35527027 33555456 33556480 66590649 61396147 35180846 66326416 55401601 52692598
33554688 34828880 35916463 0 45479877 47369390 44911160 48724965 34659954 43882365 58437063 35944265 47038636 33554560
60333106 33554448 47203860 45479877 0 49151157 40096508 36997357 41727420 33554464 40483330 64970686 53668597 58438372
40424555 57625496 35527027 47369390 49151157 0 45274788 49961184 33562624 54735203 33554433 65359319 53607282 36134438
33554944 49304861 33555456 44911160 40096508 45274788 0 46983659 56511646 61915250 53067491 55412567 62065121 53104403
58133598 35856550 33556480 48724965 36997357 49961184 46983659 0 33558528 50961256 65064267 52670633 63296771 62513926
58477555 44413641 66590649 34659954 41727420 33562624 56511646 33558528 0 58685191 62749278 57618360 44867782 56581619
37134507 60243148 61396147 43882365 33554464 54735203 61915250 50961256 58685191 0 39807908 34242800 43253255 33554496
38922527 63695077 35180846 58437063 40483330 33554433 53067491 65064267 62749278 39807908 0 56180327 33554434 43396503
56332435 33554440 66326416 35944265 64970686 65359319 55412567 52670633 57618360 34242800 56180327 0 33554436 37253359
60813398 36104774 55401601 47038636 53668597 53607282 62065121 63296771 44867782 43253255 33554434 33554436 0 59450680
40779459 58621415 52692598 33554560 58438372 36134438 53104403 62513926 56581619 33554496 43396503 37253359 59450680 0
