14 999999999999890
0 35993831548304 48461250002177 62181086042314 66827480595943 71428571428564 37797482485654 55469689500802 62422986653696 48002422127740 64785725716733 58652851558327 71428571428563 53112855372137
35993831548304 0 60353907368842 57744471067177 44811606910323 49664605947586 58214244210393 71428571428567 71428571428568 49659586950445 37180784325398 57633202117430 43332089191257 58763675984483
48461250002177 60353907368842 0 71428571428558 62683959786832 55030975433279 71428571428557 46692576713516 48964908136503 62298385488673 47851109799725 67991982827890 59657358043400 54073778305635
62181086042314 57744471067177 71428571428558 0 71428571428559 49645005632025 50236164781906 47039511768497 48431386678147 69221489512929 57360007437711 55781727965419 41798827474044 48607641986720
66827480595943 44811606910323 62683959786832 71428571428559 0 45714096952495 41351069166687 41534484682786 59276438229379 58848055955150 70084063601718 71428571428560 62323518891436 42810579815058
71428571428564 49664605947586 55030975433279 49645005632025 45714096952495 0 60332417981853 70175018244104 42196258805782 42663306732837 71428571428565 51644387712269 46579722203716 54542510263474
37797482485654 58214244210393 71428571428557 50236164781906 41351069166687 60332417981853 0 46207209887611 43655547300458 71428571428570 46963761748795 46345722184676 39194513496434 56417302920011
55469689500802 71428571428567 46692576713516 47039511768497 41534484682786 70175018244104 46207209887611 0 47169808636298 68862295375739 71428571428566 69799416232095 68137323182937 69673699791656
62422986653696 71428571428568 48964908136503 48431386678147 59276438229379 42196258805782 43655547300458 47169808636298 0 71428571428569 43967736789009 57058737706353 66482106304552 47381714640428
48002422127740 49659586950445 62298385488673 69221489512929 58848055955150 42663306732837 71428571428570 68862295375739 71428571428569 0 69943712009090 39695615017245 63616906006375 62753033786963
64785725716733 37180784325398 47851109799725 57360007437711 70084063601718 71428571428565 46963761748795 71428571428566 43967736789009 69943712009090 0 47360041400385 41133592789189 41586684099072
58652851558327 57633202117430 67991982827890 55781727965419 71428571428560 51644387712269 46345722184676 69799416232095 57058737706353 39695615017245 47360041400385 0 64190426538653 71428571428561
71428571428563 43332089191257 59657358043400 41798827474044 62323518891436 46579722203716 39194513496434 68137323182937 66482106304552 63616906006375 41133592789189 64190426538653 0 71428571428562
53112855372137 58763675984483 54073778305635 48607641986720 42810579815058 54542510263474 56417302920011 69673699791656 47381714640428 62753033786963 41586684099072 71428571428561 71428571428562 0
