14 761836905121054
0 46576923446332 59093586446162 38044644836755 57034769970208 38348047363334 43050257791854 45682707706318 55765127356720 59202914220309 69614678936432 65924055821892 45584886505740 39268420096145
46576923446332 0 43597106725720 67808314574128 44735408192709 48156908735705 58001310624848 42313386107142 62362531129306 47200190224711 68352362522088 55632118826826 49050350263937 53937445602749
59093586446162 43597106725720 0 65695574072048 40161865965005 57859070476345 64449288263727 59400358015525 49141227406980 38370571765688 39073888230637 49787068779347 51589557658955 50759446731057
38044644836755 67808314574128 65695574072048 0 47031612307047 52337941754633 63785383041848 35883361041357 69915664714190 42400369972575 63277969848161 36059182353610 50949971547925 55832367865423
57034769970208 44735408192709 40161865965005 47031612307047 0 53991265852931 36195559577042 53055525649032 68536257752467 67450901691147 44056790136359 67455474285421 60404926699641 61362440427069
38348047363334 48156908735705 57859070476345 52337941754633 53991265852931 0 44540353073590 53999822129628 59165351170258 36644212985178 51346321281539 70628547109291 49623170325223 39296246950319
43050257791854 58001310624848 64449288263727 63785383041848 36195559577042 44540353073590 0 56102881217556 59466171987505 40932784341709 36268063754632 56979260217721 37056808792945 42592637460289
45682707706318 42313386107142 59400358015525 35883361041357 53055525649032 53999822129628 56102881217556 0 55095451144612 55934736398151 57347524122962 43283622100083 56330705603339 68743509372244
55765127356720 62362531129306 49141227406980 69915664714190 68536257752467 59165351170258 59466171987505 55095451144612 0 36862565670696 49024483511169 37485850576603 50733447880160 60675958931494
59202914220309 47200190224711 38370571765688 42400369972575 67450901691147 36644212985178 40932784341709 55934736398151 36862565670696 0 48553523763207 46677817146609 66171805987214 53178142747725
69614678936432 68352362522088 39073888230637 63277969848161 44056790136359 51346321281539 36268063754632 57347524122962 49024483511169 48553523763207 0 61637229364728 47664603573246 54123648916561
65924055821892 55632118826826 49787068779347 36059182353610 67455474285421 70628547109291 56979260217721 43283622100083 37485850576603 46677817146609 61637229364728 0 66556047346569 39265207532184
45584886505740 49050350263937 51589557658955 50949971547925 60404926699641 49623170325223 37056808792945 56330705603339 50733447880160 66171805987214 47664603573246 66556047346569 0 63981766326743
39268420096145 53937445602749 50759446731057 55832367865423 61362440427069 39296246950319 42592637460289 68743509372244 60675958931494 53178142747725 54123648916561 39265207532184 63981766326743 0
