12 822183902816463
0 59857090574933 59787959567327 45731995101427 58933130551098 57649478110321 72458505644832 76584742207352 64250105536814 75388873089286 81445266841032 64569781409221
59857090574933 0 60718948302038 82956017130655 53984092787055 55904222678348 62167609391656 49191748901514 67510896393801 64767230215839 82459154344378 82303194289858
59787959567327 60718948302038 0 75113248250810 60647472049566 82270555003672 59344378909722 57390454426589 72302357288529 42838237617554 57673732621753 61453096306162
45731995101427 82956017130655 75113248250810 0 79748620161049 44513145986872 43392380079436 75975003027966 76428945638750 72725454728457 49111268040309 53363351370221
58933130551098 53984092787055 60647472049566 79748620161049 0 60088464785408 61746449898189 75540819453948 73871243178008 44641342306497 73494315026403 52062737061826
57649478110321 55904222678348 82270555003672 44513145986872 60088464785408 0 42607445328468 71040725620793 50522951005890 46073400999608 66422653531852 54551280051415
72458505644832 62167609391656 59344378909722 43392380079436 61746449898189 42607445328468 0 72885895841546 52285982087387 78706811975551 61666968908781 67643002366791
76584742207352 49191748901514 57390454426589 75975003027966 75540819453948 71040725620793 72885895841546 0 60104372686910 60790011629364 64808841999531 61367547691970
64250105536814 67510896393801 72302357288529 76428945638750 73871243178008 50522951005890 52285982087387 60104372686910 0 78542557697996 51697157483251 45030779032205
75388873089286 64767230215839 42838237617554 72725454728457 44641342306497 46073400999608 78706811975551 60790011629364 78542557697996 0 63983933758293 65592971583328
81445266841032 82459154344378 57673732621753 49111268040309 73494315026403 66422653531852 61666968908781 64808841999531 51697157483251 63983933758293 0 72424173815684
64569781409221 82303194289858 61453096306162 53363351370221 52062737061826 54551280051415 67643002366791 61367547691970 45030779032205 65592971583328 72424173815684 0
