11 829483802753084
0 89117531663835 89359325356059 75391366837770 74495105742537 63946028079304 86189284854995 61638144106435 84696760292404 57247896959400 82619515582445
89117531663835 0 74498073274924 85488843983055 81744769181683 78083904411767 71081946806385 83069331495843 66153818370083 83728095936547 83370884009089
89359325356059 74498073274924 0 47469010873873 75472108589239 59500118491260 73188920645258 54042298498921 50638150256847 84393029923649 63823021872225
75391366837770 85488843983055 47469010873873 0 69689151334262 54592523029603 89453986570069 83454175848767 57562586666558 73669340051302 83310557906787
74495105742537 81744769181683 75472108589239 69689151334262 0 81780165471965 84968485570371 57515887506842 47174727841318 83748293127070 89048720577881
63946028079304 78083904411767 59500118491260 54592523029603 81780165471965 0 59075747051438 79346883401647 70150178233654 81989104008720 67898875345682
86189284854995 71081946806385 73188920645258 89453986570069 84968485570371 59075747051438 0 88651633227716 65336981226042 89515919521310 86198394163434
61638144106435 83069331495843 54042298498921 83454175848767 57515887506842 79346883401647 88651633227716 0 78612236596674 68878944783626 58908749145201
84696760292404 66153818370083 50638150256847 57562586666558 47174727841318 70150178233654 65336981226042 78612236596674 0 90757741211758 50937661543840
57247896959400 83728095936547 84393029923649 73669340051302 83748293127070 81989104008720 89515919521310 68878944783626 90757741211758 0 64183103014038
82619515582445 83370884009089 63823021872225 83310557906787 89048720577881 67898875345682 86198394163434 58908749145201 50937661543840 64183103014038 0
