13 728683629430422
0 43351324277412 66394330051194 41852379326782 75281043088445 55308400320856 41326694263476 75365661588990 42818899089349 74073846719262 43304782792888 57934748967147 67245592018381
43351324277412 0 39653091763628 49809187942525 57260816316635 74762369630425 75514542941207 66566168809358 60371161341266 76886193396936 63324485343924 40806293022978 46474152606559
66394330051194 39653091763628 0 63062769264835 53229855649029 40401993266565 71542908811155 41820328343933 52621319986165 62419044814267 55479737006601 66785499090622 64897886704641
41852379326782 49809187942525 63062769264835 0 45459440679753 38462540833279 39189427697366 62450992277030 74244994650995 58999972355874 73698975986087 44904610037651 66098673102921
75281043088445 57260816316635 53229855649029 45459440679753 0 72973457324413 62981764260061 54706195896318 39292652661797 49420531575584 45234443354350 56183495190939 74847526005577
55308400320856 74762369630425 40401993266565 38462540833279 72973457324413 0 48920513834086 66896170462612 54107491901409 49801330338139 75502588054793 68284192637887 69607917018983
41326694263476 75514542941207 71542908811155 39189427697366 62981764260061 48920513834086 0 48298875698385 51208102221876 55632256785379 60114719718031 39288947788953 57538597495223
75365661588990 66566168809358 41820328343933 62450992277030 54706195896318 66896170462612 48298875698385 0 70937987664936 72412652391272 61861256918518 55289710772250 46829948116121
42818899089349 60371161341266 52621319986165 74244994650995 39292652661797 54107491901409 51208102221876 70937987664936 0 47538649187566 73014257276903 51663838601729 42724047287990
74073846719262 76886193396936 62419044814267 58999972355874 49420531575584 49801330338139 55632256785379 72412652391272 47538649187566 0 65642169331176 74526426023045 72406268461581
43304782792888 63324485343924 55479737006601 73698975986087 45234443354350 75502588054793 60114719718031 61861256918518 73014257276903 65642169331176 0 54253630848934 63855944571376
57934748967147 40806293022978 66785499090622 44904610037651 56183495190939 68284192637887 39288947788953 55289710772250 51663838601729 74526426023045 54253630848934 0 62136067984044
67245592018381 46474152606559 64897886704641 66098673102921 74847526005577 69607917018983 57538597495223 46829948116121 42724047287990 72406268461581 63855944571376 62136067984044 0
