14 719060573961938
0 47688048155566 63484039952206 57509994809686 51008557691708 64453922042568 55050948776794 37920363930282 43306745592314 70858252683522 70482766404973 62782055162124 65929882807890 36293861838992
47688048155566 0 68264838273361 54291269950172 43157642810478 46355287499491 49660305565596 62699706206424 48247899100964 59457738129834 56746868742445 57457053678123 61882089070655 40075272423515
63484039952206 68264838273361 0 45362731845486 51384220040116 41422574667123 64805885491070 47826066502421 41320688958628 44534302919420 57902296050805 57602718249842 68140682663036 45032516442187
57509994809686 54291269950172 45362731845486 0 44696602076482 44802623971472 56891251930716 57909153694909 52748056269599 40766647536930 50658691431968 69129659976139 66789684066650 59021865843472
51008557691708 43157642810478 51384220040116 44696602076482 0 64788430011400 40646883761145 70810500116332 62627220289408 42646455781302 37219670884612 42000344458434 50829124544201 42644129952848
64453922042568 46355287499491 41422574667123 44802623971472 64788430011400 0 69327069561881 43962211368587 45297332777713 56204748133292 66051525709908 37844025364604 52271010494917 45103622039362
55050948776794 49660305565596 64805885491070 56891251930716 40646883761145 69327069561881 0 70554018219792 39619447598721 58361297068088 64128342413802 37200983680944 62724663007144 62493506182880
37920363930282 62699706206424 47826066502421 57909153694909 70810500116332 43962211368587 70554018219792 0 65997393400141 67218211494155 64860436064459 51457900428226 41842290552392 52998218893006
43306745592314 48247899100964 41320688958628 52748056269599 62627220289408 45297332777713 39619447598721 65997393400141 0 69706238356415 36581723152930 62271995033264 70758884323316 39977118374901
70858252683522 59457738129834 44534302919420 40766647536930 42646455781302 56204748133292 58361297068088 67218211494155 69706238356415 0 64593448400241 61773304823015 62176198078933 44942270253558
70482766404973 56746868742445 57902296050805 50658691431968 37219670884612 66051525709908 64128342413802 64860436064459 36581723152930 64593448400241 0 56564035003602 69934393910528 51927802676035
62782055162124 57457053678123 57602718249842 69129659976139 42000344458434 37844025364604 37200983680944 51457900428226 62271995033264 61773304823015 56564035003602 0 54587673787168 56575615567423
65929882807890 61882089070655 68140682663036 66789684066650 50829124544201 52271010494917 62724663007144 41842290552392 70758884323316 62176198078933 69934393910528 54587673787168 0 62364499379784
36293861838992 40075272423515 45032516442187 59021865843472 42644129952848 45103622039362 62493506182880 52998218893006 39977118374901 44942270253558 51927802676035 56575615567423 62364499379784 0
