12 743052228117845
0 77763976352024 66116617518842 62248304146612 68326367776216 63254914586395 45721044377759 46975523740351 66347405869209 53194712833436 77858169114306 82247792121759
77763976352024 0 55323972508927 57128071384719 69596548209089 42016120220230 58592857005350 64288357865354 59183777143488 43538591573109 59294170766429 68162429643870
66116617518842 55323972508927 0 78964082114692 80005957549441 61349314006363 78187701639186 49070790937358 71928345418346 76795200115750 52296897964069 65994768298383
62248304146612 57128071384719 78964082114692 0 83268145157460 73872127643416 83260006271269 65739433137113 44424834138600 76569704704407 70353522638489 75334393512613
68326367776216 69596548209089 80005957549441 83268145157460 0 81599208098650 61814355595726 78788202913535 76742450606579 44775235933767 62483881803920 71048994756326
63254914586395 42016120220230 61349314006363 73872127643416 81599208098650 0 59034783129596 66900493142614 42535531781241 62890514003993 66368112817733 68849302899177
45721044377759 58592857005350 78187701639186 83260006271269 61814355595726 59034783129596 0 44884813136056 72010859822394 80541164050286 56253838282041 59258734543928
46975523740351 64288357865354 49070790937358 65739433137113 78788202913535 66900493142614 44884813136056 0 43418397933749 68900549059687 61818433158791 49319402124260
66347405869209 59183777143488 71928345418346 44424834138600 76742450606579 42535531781241 72010859822394 43418397933749 0 60367344770906 79057005503707 64854034136447
53194712833436 43538591573109 76795200115750 76569704704407 44775235933767 62890514003993 80541164050286 68900549059687 60367344770906 0 42519083499218 73693633637714
77858169114306 59294170766429 52296897964069 70353522638489 62483881803920 66368112817733 56253838282041 61818433158791 79057005503707 42519083499218 0 56654985089159
82247792121759 68162429643870 65994768298383 75334393512613 71048994756326 68849302899177 59258734543928 49319402124260 64854034136447 73693633637714 56654985089159 0
