13 500000000000782
0 38461538461631 38461538461564 38461538461626 38461538461600 38461538461545 38461538461556 38461538461604 38461538461593 38461538461612 38461538461617 38461538461620 38461538461566
38461538461631 0 38461538461619 38461538461553 38461538461617 38461538461548 38461538461632 38461538461579 38461538461598 38461538461549 38461538461561 38461538461555 38461538461625
38461538461564 38461538461619 0 38461538461550 38461538461616 38461538461630 38461538461597 38461538461541 38461538461546 38461538461605 38461538461603 38461538461637 38461538461622
38461538461626 38461538461553 38461538461550 0 38461538461596 38461538461603 38461538461583 38461538461592 38461538461576 38461538461605 38461538461572 38461538461554 38461538461544
38461538461600 38461538461617 38461538461616 38461538461596 0 38461538461585 38461538461611 38461538461567 38461538461626 38461538461584 38461538461626 38461538461597 38461538461539
38461538461545 38461538461548 38461538461630 38461538461603 38461538461585 0 38461538461558 38461538461638 38461538461551 38461538461582 38461538461581 38461538461626 38461538461568
38461538461556 38461538461632 38461538461597 38461538461583 38461538461611 38461538461558 0 38461538461591 38461538461618 38461538461587 38461538461629 38461538461568 38461538461586
38461538461604 38461538461579 38461538461541 38461538461592 38461538461567 38461538461638 38461538461591 0 38461538461601 38461538461610 38461538461628 38461538461549 38461538461638
38461538461593 38461538461598 38461538461546 38461538461576 38461538461626 38461538461551 38461538461618 38461538461601 0 38461538461589 38461538461546 38461538461621 38461538461602
38461538461612 38461538461549 38461538461605 38461538461605 38461538461584 38461538461582 38461538461587 38461538461610 38461538461589 0 38461538461596 38461538461630 38461538461557
38461538461617 38461538461561 38461538461603 38461538461572 38461538461626 38461538461581 38461538461629 38461538461628 38461538461546 38461538461596 0 38461538461585 38461538461564
38461538461620 38461538461555 38461538461637 38461538461554 38461538461597 38461538461626 38461538461568 38461538461549 38461538461621 38461538461630 38461538461585 0 38461538461593
38461538461566 38461538461625 38461538461622 38461538461544 38461538461539 38461538461568 38461538461586 38461538461638 38461538461602 38461538461557 38461538461564 38461538461593 0
