14 500000000000981
0 35714285714318 35714285714364 35714285714340 35714285714347 35714285714352 35714285714378 35714285714308 35714285714302 35714285714343 35714285714306 35714285714365 35714285714305 35714285714374
35714285714318 0 35714285714362 35714285714323 35714285714373 35714285714326 35714285714373 35714285714294 35714285714286 35714285714289 35714285714383 35714285714317 35714285714310 35714285714309
35714285714364 35714285714362 0 35714285714381 35714285714296 35714285714286 35714285714319 35714285714292 35714285714303 35714285714335 35714285714365 35714285714375 35714285714301 35714285714314
35714285714340 35714285714323 35714285714381 0 35714285714342 35714285714341 35714285714361 35714285714287 35714285714332 35714285714329 35714285714379 35714285714349 35714285714338 35714285714378
35714285714347 35714285714373 35714285714296 35714285714342 0 35714285714378 35714285714349 35714285714319 35714285714308 35714285714357 35714285714337 35714285714350 35714285714339 35714285714286
35714285714352 35714285714326 35714285714286 35714285714341 35714285714378 0 35714285714319 35714285714368 35714285714361 35714285714379 35714285714370 35714285714291 35714285714376 35714285714331
35714285714378 35714285714373 35714285714319 35714285714361 35714285714349 35714285714319 0 35714285714295 35714285714340 35714285714377 35714285714346 35714285714385 35714285714366 35714285714384
35714285714308 35714285714294 35714285714292 35714285714287 35714285714319 35714285714368 35714285714295 0 35714285714330 35714285714379 35714285714306 35714285714370 35714285714288 35714285714345
35714285714302 35714285714286 35714285714303 35714285714332 35714285714308 35714285714361 35714285714340 35714285714330 0 35714285714339 35714285714385 35714285714379 35714285714338 35714285714294
35714285714343 35714285714289 35714285714335 35714285714329 35714285714357 35714285714379 35714285714377 35714285714379 35714285714339 0 35714285714317 35714285714286 35714285714338 35714285714286
35714285714306 35714285714383 35714285714365 35714285714379 35714285714337 35714285714370 35714285714346 35714285714306 35714285714385 35714285714317 0 35714285714302 35714285714364 35714285714363
35714285714365 35714285714317 35714285714375 35714285714349 35714285714350 35714285714291 35714285714385 35714285714370 35714285714379 35714285714286 35714285714302 0 35714285714385 35714285714290
35714285714305 35714285714310 35714285714301 35714285714338 35714285714339 35714285714376 35714285714366 35714285714288 35714285714338 35714285714338 35714285714364 35714285714385 0 35714285714375
35714285714374 35714285714309 35714285714314 35714285714378 35714285714286 35714285714331 35714285714384 35714285714345 35714285714294 35714285714286 35714285714363 35714285714290 35714285714375 0
