13 500000000001187
0 38461538461558 38461538461620 38461538461554 38461538461618 38461538461637 38461538461630 38461538461543 38461538461584 38461538461585 38461538461573 38461538461590 38461538461593
38461538461558 0 38461538461623 38461538461634 38461538461615 38461538461595 38461538461612 38461538461544 38461538461576 38461538461584 38461538461611 38461538461539 38461538461602
38461538461620 38461538461623 0 38461538461605 38461538461559 38461538461542 38461538461579 38461538461584 38461538461566 38461538461553 38461538461594 38461538461573 38461538461579
38461538461554 38461538461634 38461538461605 0 38461538461627 38461538461572 38461538461563 38461538461638 38461538461572 38461538461585 38461538461562 38461538461600 38461538461632
38461538461618 38461538461615 38461538461559 38461538461627 0 38461538461561 38461538461538 38461538461539 38461538461561 38461538461604 38461538461552 38461538461585 38461538461599
38461538461637 38461538461595 38461538461542 38461538461572 38461538461561 0 38461538461551 38461538461606 38461538461608 38461538461635 38461538461573 38461538461539 38461538461623
38461538461630 38461538461612 38461538461579 38461538461563 38461538461538 38461538461551 0 38461538461632 38461538461568 38461538461616 38461538461600 38461538461626 38461538461584
38461538461543 38461538461544 38461538461584 38461538461638 38461538461539 38461538461606 38461538461632 0 38461538461539 38461538461594 38461538461549 38461538461623 38461538461592
38461538461584 38461538461576 38461538461566 38461538461572 38461538461561 38461538461608 38461538461568 38461538461539 0 38461538461563 38461538461582 38461538461555 38461538461587
38461538461585 38461538461584 38461538461553 38461538461585 38461538461604 38461538461635 38461538461616 38461538461594 38461538461563 0 38461538461556 38461538461593 38461538461559
38461538461573 38461538461611 38461538461594 38461538461562 38461538461552 38461538461573 38461538461600 38461538461549 38461538461582 38461538461556 0 38461538461547 38461538461580
38461538461590 38461538461539 38461538461573 38461538461600 38461538461585 38461538461539 38461538461626 38461538461623 38461538461555 38461538461593 38461538461547 0 38461538461633
38461538461593 38461538461602 38461538461579 38461538461632 38461538461599 38461538461623 38461538461584 38461538461592 38461538461587 38461538461559 38461538461580 38461538461633 0
