14 666666666
0 32 536870912 4096 65536 33554432 131072 262144 4 134217728 1024 16 8388608 1048576
32 0 536870880 4064 65504 33554400 131040 262112 28 134217696 992 16 8388576 1048544
536870912 536870880 0 536866816 536805376 503316480 536739840 536608768 536870908 402653184 536869888 536870896 528482304 535822336
4096 4064 536866816 0 61440 33550336 126976 258048 4092 134213632 3072 4080 8384512 1044480
65536 65504 536805376 61440 0 33488896 65536 196608 65532 134152192 64512 65520 8323072 983040
33554432 33554400 503316480 33550336 33488896 0 33423360 33292288 33554428 100663296 33553408 33554416 25165824 32505856
131072 131040 536739840 126976 65536 33423360 0 131072 131068 134086656 130048 131056 8257536 917504
262144 262112 536608768 258048 196608 33292288 131072 0 262140 133955584 261120 262128 8126464 786432
4 28 536870908 4092 65532 33554428 131068 262140 0 134217724 1020 12 8388604 1048572
134217728 134217696 402653184 134213632 134152192 100663296 134086656 133955584 134217724 0 134216704 134217712 125829120 133169152
1024 992 536869888 3072 64512 33553408 130048 261120 1020 134216704 0 1008 8387584 1047552
16 16 536870896 4080 65520 33554416 131056 262128 12 134217712 1008 0 8388592 1048560
8388608 8388576 528482304 8384512 8323072 25165824 8257536 8126464 8388604 125829120 8387584 8388592 0 7340032
1048576 1048544 535822336 1044480 983040 32505856 917504 786432 1048572 133169152 1047552 1048560 7340032 0
