Case #1:
4 0
5 0
1 0
1 0
Case #2:
1 2 3 4 5 6
2 1 2 3 4 5
3 2 1 2 3 4
4 3 2 1 2 3
5 4 3 2 1 2
6 5 4 3 2 1
1 1 1 1 1 1
1 1 1 1 1 1
1 1 1 1 1 1
1 1 1 1 1 1
1 1 1 1 1 1
1 1 1 1 1 1
Case #3:
8 7
7 8
1 4
4 1
Case #4:
0 0 0 0
0 0 0 0
0 0 0 0
0 0 0 0
0 0 0 0
0 0 0 0
0 0 0 0
0 0 0 0
Case #5:
7 6 5
6 5 6
5 6 7
1 1 2
1 2 1
2 1 1
Case #6:
16 15 16 15
15 16 15 16
16 15 16 15
15 16 15 16
8 13 4 32
13 1 6 4
4 6 1 13
32 4 13 8
Case #7:
7 6 5
6 5 6
5 6 7
1 1 2
1 2 1
2 1 1
Case #8:
11274289129 11274289128 11274289129 11274289128 11274289129
11274289128 11274289127 11274289128 11274289127 11274289128
11274289129 11274289128 11274289129 11274289128 11274289129
11274289128 11274289127 11274289128 11274289127 11274289128
11274289129 11274289128 11274289129 11274289128 11274289129
621534342 956112207 235015431 119402514 119402514
956112207 203267839 29277203 725239747 725239747
235015431 29277203 660071981 136892883 136892883
119402514 725239747 136892883 490280325 490280325
119402514 725239747 136892883 490280325 490280325
Case #9:
0 0 0 0
0 0 0 0
0 0 0 0
0 0 0 0
0 0 0 0
0 0 0 0
0 0 0 0
0 0 0 0
Case #10:
0 0 0
0 0 0
10 9 10
0 0 0
0 0 0
2 2 1
Case #11:
1610612733 0 0
0 0 0
0 0 1610612733
1 0 0
0 0 0
0 0 1
Case #12:
11274289129 11274289126 11274289125 11274289126 11274289129
11274289128 11274289125 11274289124 11274289125 11274289128
11274289129 11274289126 11274289125 11274289126 11274289129
11274289128 11274289125 11274289124 11274289125 11274289128
11274289129 11274289126 11274289125 11274289126 11274289129
926863310 926863310 934513305 7649995 15299990
926863310 926863310 934513305 7649995 15299990
584611693 584611693 535853895 951242209 902484411
230644142 230644142 172807435 942163300 884326593
230644142 230644142 172807435 942163300 884326593
Case #13:
7000000000 6999999999 7000000000
6999999999 6999999998 6999999999
7000000000 6999999999 7000000000
285156252 570312504 285156252
570312504 140625001 570312504
285156252 570312504 285156252
Case #14:
9 8 7 10
8 7 6 11
7 6 7 10
10 11 10 11
3 3 3 1
3 3 4 1
3 4 1 1
1 1 1 2
Case #15:
1358024677 1358024678 1358024677 1358024678
1358024678 1358024679 1358024678 1358024679
1358024677 1358024678 1358024677 1358024678
1358024678 1358024679 1358024678 1358024679
98136656 370169667 370169667 517374651
370169667 36801246 36801246 92055743
370169667 36801246 36801246 92055743
517374651 92055743 92055743 368117716
Case #16:
11 10 11
10 9 10
9 8 9
2 3 2
2 3 2
2 3 2
Case #17:
10864197531 10864197530 10864197531
10864197530 10864197529 10864197530
10864197529 10864197528 10864197529
601686212 902529318 601686212
601686212 902529318 601686212
601686212 902529318 601686212
Case #18:
19999999998 19999999999 19999999994 19999999995 19999999996 19999999999
19999999997 19999999998 19999999993 19999999994 19999999995 19999999998
19999999996 19999999997 19999999992 19999999993 19999999994 19999999997
19999999995 19999999996 19999999991 19999999992 19999999993 19999999996
19999999996 19999999997 19999999992 19999999993 19999999994 19999999997
19999999997 19999999998 19999999993 19999999994 19999999995 19999999998
235939645 411979884 823959768 411979884 411979884 411979884
235939645 411979884 823959768 411979884 411979884 411979884
235939645 411979884 823959768 411979884 411979884 411979884
235939645 411979884 823959768 411979884 411979884 411979884
235939645 411979884 823959768 411979884 411979884 411979884
235939645 411979884 823959768 411979884 411979884 411979884
Case #19:
1694 1693 1694 1695 1694 1695 1696
1693 1692 1693 1694 1693 1694 1695
1694 1693 1692 1693 1692 1695 1696
1695 1694 1693 1694 1693 1696 1697
1694 1693 1692 1693 1692 1695 1696
1695 1694 1695 1696 1695 1696 1697
1696 1695 1696 1697 1696 1697 1698
3144 3144 4 4 4 793 793
3144 3144 4 4 4 793 793
4 4 597 593 593 1 1
4 4 593 589 589 1 1
4 4 593 589 589 1 1
793 793 1 1 1 200 200
793 793 1 1 1 200 200
Case #20:
12884901864 12884901863 12884901864 12884901863 12884901864 12884901863
12884901863 12884901864 12884901863 12884901864 12884901863 12884901864
12884901864 12884901863 12884901864 12884901863 12884901864 12884901863
12884901863 12884901864 12884901863 12884901864 12884901863 12884901864
12884901864 12884901863 12884901864 12884901863 12884901864 12884901863
12884901863 12884901864 12884901863 12884901864 12884901863 12884901864
873605993 842437858 178863723 370048446 235339087 564544421
842437858 190495750 152584813 22037036 554631267 235339087
178863723 152584813 897662793 943141496 22037036 370048446
370048446 22037036 943141496 897662793 152584813 178863723
235339087 554631267 22037036 152584813 190495750 842437858
564544421 235339087 370048446 178863723 842437858 873605993
