16
0 389360467 0 133185080 26253915 0 267304745 741844778 251489884 0 0 895133263 151158467 0 0 152231188
389360467 0 14309297 172745324 167232933 206921885 208505181 406348601 0 0 968524741 0 256523741 544922714 0 285785801
0 14309297 0 642642046 737170963 71846628 328590115 380734271 425814182 857393763 224266053 314439070 791777007 828442137 19102739 770589632
133185080 172745324 642642046 0 193885178 0 0 0 625144993 219662878 440401144 182828258 150104372 0 0 703658798
26253915 167232933 737170963 193885178 0 732409119 0 875313958 791036226 756720548 23564733 905753514 297212402 196945337 27287517 151224557
0 206921885 71846628 0 732409119 0 172172303 181910579 276797435 3034607 151659396 193905931 848656604 0 255607658 0
267304745 208505181 328590115 0 0 172172303 0 506182881 796863052 623836594 42207818 457288165 127345143 325300087 862424758 514454203
741844778 406348601 380734271 0 875313958 181910579 506182881 0 945788088 488123316 185206923 565222621 0 264500761 401928853 352215427
251489884 0 425814182 625144993 791036226 276797435 796863052 945788088 0 175305584 235830721 884752130 155153284 208077060 907341073 828304879
0 0 857393763 219662878 756720548 3034607 623836594 488123316 175305584 0 908860446 509003663 135949200 0 9508140 360342434
0 968524741 224266053 440401144 23564733 151659396 42207818 185206923 235830721 908860446 0 100733999 999384310 793315739 350425528 216386275
895133263 0 314439070 182828258 905753514 193905931 457288165 565222621 884752130 509003663 100733999 0 812404177 813707455 620262450 15566092
151158467 256523741 791777007 150104372 297212402 848656604 127345143 0 155153284 135949200 999384310 812404177 0 495141328 514560321 503607177
0 544922714 828442137 0 196945337 0 325300087 264500761 208077060 0 793315739 813707455 495141328 0 195697469 636647753
0 0 19102739 0 27287517 255607658 862424758 401928853 907341073 9508140 350425528 620262450 514560321 195697469 0 118193547
152231188 285785801 770589632 703658798 151224557 0 514454203 352215427 828304879 360342434 216386275 15566092 503607177 636647753 118193547 0
