16
0 955118516 613669180 283126944 126062492 372905641 676071780 130242804 999358123 0 580640173 203419149 198149647 358466418 0 106112177
955118516 0 125827602 0 610888359 0 30595707 380585213 618177378 725722370 565193218 255444292 621495736 0 71253871 415686155
613669180 125827602 0 716782053 121451818 699245062 961115537 676879540 574967167 573171154 0 21265474 191667912 0 206961783 320385205
283126944 0 716782053 0 734470450 15094595 0 679054985 859701384 31276036 62549997 429551076 655086935 0 848683611 27848805
126062492 610888359 121451818 734470450 0 6535895 224338409 465741718 460285407 620552064 422573827 461496462 242994222 819949289 293875291 291476580
372905641 0 699245062 15094595 6535895 0 164988298 51678922 595642523 246150022 496424698 0 0 640036416 215183921 823915593
676071780 30595707 961115537 0 224338409 164988298 0 0 0 213599115 0 760533373 32288659 523201547 201954402 156250725
130242804 380585213 676879540 679054985 465741718 51678922 0 0 0 977909820 877030299 0 683470172 102745096 454930658 292840220
999358123 618177378 574967167 859701384 460285407 595642523 0 0 0 0 806813632 726268615 907089991 231724901 0 107220388
0 725722370 573171154 31276036 620552064 246150022 213599115 977909820 0 0 307799997 0 867811961 537330737 361339645 732923783
580640173 565193218 0 62549997 422573827 496424698 0 877030299 806813632 307799997 0 1081841 175398034 0 35240805 249954284
203419149 255444292 21265474 429551076 461496462 0 760533373 0 726268615 0 1081841 0 811127513 636825496 15327465 708182113
198149647 621495736 191667912 655086935 242994222 0 32288659 683470172 907089991 867811961 175398034 811127513 0 240757870 416025104 28806560
358466418 0 0 0 819949289 640036416 523201547 102745096 231724901 537330737 0 636825496 240757870 0 177198292 186177689
0 71253871 206961783 848683611 293875291 215183921 201954402 454930658 0 361339645 35240805 15327465 416025104 177198292 0 162627250
106112177 415686155 320385205 27848805 291476580 823915593 156250725 292840220 107220388 732923783 249954284 708182113 28806560 186177689 162627250 0
