16
0 967706999 883554931 771373285 200372990 607942283 891130182 304814405 0 791408708 255181033 0 636738807 348591491 884140736 49350384
967706999 0 262941530 810305104 723974845 144758024 284478872 259621839 689305062 579360865 410697284 612558385 110380931 677920697 25969024 0
883554931 262941530 0 652233031 47413687 95154672 54794304 39035127 459552079 900495515 21802593 0 552356137 170089764 46921067 659736439
771373285 810305104 652233031 0 0 965303022 995436407 25874984 727141534 692168661 885061372 859596784 929191951 216478901 77230003 589992631
200372990 723974845 47413687 0 0 173916494 881447783 138085275 401610937 0 510459690 0 168075737 0 616733035 0
607942283 144758024 95154672 965303022 173916494 0 887738315 841296383 904615640 210179764 327256790 463201649 981662791 591182113 0 310425987
891130182 284478872 54794304 995436407 881447783 887738315 0 96878045 341114318 397123957 638172684 952234370 0 666955366 363885726 872119242
304814405 259621839 39035127 25874984 138085275 841296383 96878045 0 693410299 0 0 527934494 472402211 56674522 0 312393794
0 689305062 459552079 727141534 401610937 904615640 341114318 693410299 0 177590997 332615774 513729252 303072156 0 751782384 766514971
791408708 579360865 900495515 692168661 0 210179764 397123957 0 177590997 0 243154248 583480914 595714533 0 618526962 724329686
255181033 410697284 21802593 885061372 510459690 327256790 638172684 0 332615774 243154248 0 881688788 0 708068916 617640249 602730587
0 612558385 0 859596784 0 463201649 952234370 527934494 513729252 583480914 881688788 0 156598922 452827439 0 28127591
636738807 110380931 552356137 929191951 168075737 981662791 0 472402211 303072156 595714533 0 156598922 0 0 486862866 192568142
348591491 677920697 170089764 216478901 0 591182113 666955366 56674522 0 0 708068916 452827439 0 0 0 144648711
884140736 25969024 46921067 77230003 616733035 0 363885726 0 751782384 618526962 617640249 0 486862866 0 0 631719995
49350384 0 659736439 589992631 0 310425987 872119242 312393794 766514971 724329686 602730587 28127591 192568142 144648711 631719995 0
