16
0 0 907757022 437974625 0 22828840 628937523 30717009 278007963 687070089 372609259 0 38376423 0 350451407 512414765
0 0 860618460 989626695 18728944 635770604 214980098 609827978 814296691 0 266103957 0 158069525 138924192 240994206 625636921
907757022 860618460 0 548756857 598093652 801572739 314180105 836452744 687294094 523731737 0 811902941 70517672 456950234 432387727 0
437974625 989626695 548756857 0 608456000 162173766 568917331 31117661 928012993 709330006 284408782 0 434543933 782088971 247848261 151716626
0 18728944 598093652 608456000 0 760640940 349940 607026847 366170555 820887234 377844837 245183460 156483778 0 228644435 150232934
22828840 635770604 801572739 162173766 760640940 0 0 888309765 630055535 0 0 848651214 924540258 41008893 167460766 686947498
628937523 214980098 314180105 568917331 349940 0 0 81314539 751249785 346630557 24921387 497532744 350475611 512080880 773295450 422741495
30717009 609827978 836452744 31117661 607026847 888309765 81314539 0 556983047 936877105 560306615 0 0 577514433 15493246 756540608
278007963 814296691 687294094 928012993 366170555 630055535 751249785 556983047 0 522121915 625498349 25271505 546627831 381561535 838374339 325162852
687070089 0 523731737 709330006 820887234 0 346630557 936877105 522121915 0 570807561 701073457 0 91947229 877174104 911684167
372609259 266103957 0 284408782 377844837 0 24921387 560306615 625498349 570807561 0 268581041 111484377 823603623 0 729733488
0 0 811902941 0 245183460 848651214 497532744 0 25271505 701073457 268581041 0 0 0 0 438915031
38376423 158069525 70517672 434543933 156483778 924540258 350475611 0 546627831 0 111484377 0 0 329325498 144532033 172467980
0 138924192 456950234 782088971 0 41008893 512080880 577514433 381561535 91947229 823603623 0 329325498 0 236270325 196176807
350451407 240994206 432387727 247848261 228644435 167460766 773295450 15493246 838374339 877174104 0 0 144532033 236270325 0 581719054
512414765 625636921 0 151716626 150232934 686947498 422741495 756540608 325162852 911684167 729733488 438915031 172467980 196176807 581719054 0
